1c1
< 00000000  31 ff ff ff ff 00 00 00  00 00 00 00 00 00 00 00  |1...............|
---
> 00000000  31 00 00 00 00 01 00 00  00 01 00 00 00 02 00 00  |1...............|
5,6c5,6
< 00000040  24 24 24 24 24 24 24 24  01 00 00 00 01 00 00 00  |$$$$$$$$........|
< 00000050  21 02 00 00 05 00 00 00  ff ff ff ff ff ff ff ff  |!...............|
---
> 00000040  24 24 24 24 24 24 24 24  01 00 00 00 02 00 00 00  |$$$$$$$$........|
> 00000050  21 02 00 00 01 00 00 00  78 02 00 00 00 00 00 00  |!.......x.......|
